100 3
2510 4753
1195 6073
708 6232
3380 4880
2138 3867
1762 4421
1087 7795
1204 4129
3009 7549
8009 8032
4686 7228
6471 7051
4690 9582
7617 8933
1488 7761
6088 6151
3888 8618
1690 5067
3692 8883
1874 6103
4443 7551
4751 9183
6587 8733
281 7976
4067 4386
3879 5815
1059 8296
329 9935
2323 8668
2539 5158
169 5727
6428 8196
575 5151
2207 9893
202 2580
7527 8232
4359 7277
7557 8425
2881 4618
5628 9060
4347 6246
95 6611
6269 8236
3703 9236
1854 3898
7830 9314
4360 7745
445 3760
1214 7908
7274 8452
637 4621
6256 7693
1276 3644
6425 9976
5212 7940
4703 7884
4806 6024
4517 7691
3892 6562
695 3103
3922 5433
1092 1898
4221 4773
7173 8775
866 5197
3807 8315
769 9443
5048 5221
3297 5451
3387 5833
9018 9035
831 948
790 1534
7638 7739
7338 9704
2549 4628
3554 3649
2215 8306
7823 9778
2597 6699
4041 5679
2229 3805
693 6116
5603 7966
152 8526
6559 7296
664 6230
9143 9777
3078 4665
3108 4963
156 4019
6383 8324
3350 7882
9000 9102
5823 6969
133 3898
2678 4429
5224 6419
5990 6537
986 1414
