100 6
587 9253
1234 8383
1530 2971
2348 8876
4440 8730
7316 8123
4027 5301
457 7366
1559 7824
3523 4079
6615 8496
7178 7929
1144 6148
8157 9282
4058 8786
5168 7577
2039 3507
749 4569
4060 7491
3328 4543
1869 3765
1177 4143
5841 6415
6977 9507
904 4356
3375 6286
6750 9986
2132 8944
4661 5552
770 4667
3889 7790
1961 8520
3630 5848
6387 8109
428 4690
237 4460
4374 7845
7715 9545
988 7271
2366 7959
3065 9629
338 4986
2040 9910
2111 3500
4989 9725
4676 5351
3157 9627
2695 6075
2993 4850
2857 2968
1873 7200
334 3612
6165 6478
2339 9309
2733 6176
961 8715
5144 9196
1216 4071
586 8665
8019 9833
4816 9439
5594 7475
409 1495
1430 5717
4682 4756
604 5536
2269 9052
7868 8153
280 9681
1670 7415
7824 8025
4252 6409
2334 9675
5524 7204
167 5444
7498 8106
3398 4652
5608 6606
4429 8056
1506 3674
2631 7927
902 9767
7516 7979
3463 7905
2037 5721
264 5649
836 4893
2715 7479
8051 8155
5652 6284
3397 6687
2871 4581
2148 6448
7943 9148
6497 9386
7075 7868
3918 5861
2757 9970
7301 9059
5371 7218
