207
200
193
213
208
193
184
190
209
181
199
200
193
176
191
199
203
203
199
189
171
208
197
185
181
179
189
200
184
181
188
191
177
203
203
168
184
179
175
186
185
184
184
192
188
201
199
199
206
184
209
192
181
193
204
193
184
193
192
187
206
225
196
191
173
169
200
181
178
201
168
191
187
204
196
183
197
194
184
183
207
182
177
189
178
187
201
208
202
169
185
185
204
197
204
183
205
179
186
191
178
184
199
162
173
197
205
186
170
189
197
213
194
210
180
190
197
187
194
189
180
194
220
196
189
191
220
195
180
197
197
214
164
168
174
185
184
188
195
163
184
198
200
181
205
189
189
180
213
199
200
193
180
183
168
188
198
158
173
182
179
175
180
189
173
207
195
183
182
182
170
202
208
204
188
205
196
188
184
181
189
208
176
179
196
206
180
194
183
183
188
185
184
197
183
183
179
198
196
189
191
186
183
189
219
203
189
190
187
198
180
179
191
188
172
176
171
186
190
196
210
185
182
177
192
192
208
195
197
185
203
195
183
187
191
206
180
198
187
201
182
214
193
179
186
189
189
193
188
191
176
179
190
184
164
198
190
221
203
185
181
162
171
168
203
172
176
176
178
198
179
185
190
174
194
166
207
194
200
176
197
203
185
205
183
202
165
171
217
205
193
191
198
184
179
174
177
191
212
207
168
187
196
184
191
173
186
214
212
182
204
164
175
192
177
205
187
205
187
188
190
172
185
189
203
208
190
205
180
186
199
199
188
217
184
177
194
176
179
194
178
196
217
164
180
197
194
192
189
201
201
197
183
196
188
178
189
209
162
157
195
191
188
216
188
196
175
198
199
195
197
192
188
200
201
185
206
185
190
204
203
183
194
198
214
189
171
191
201
194
191
199
184
189
187
194
192
215
182
202
175
188
179
197
187
195
198
202
179
202
175
162
192
208
178
195
192
217
187
176
188
217
170
176
182
198
168
209
179
161
196
201
185
192
204
163
200
206
194
207
186
201
208
166
193
202
215
206
178
181
183
186
195
197
184
185
193
179
202
201
190
176
201
181
194
176
204
188
185
206
192
192
177
197
190
176
188
182
187
172
157
184
190
190
179
188
172
187
170
178
198
187
187
201
173
184
183
169
201
196
176
200
184
179
